1	1	20	41144055	16394977	0	41144055.0	0.0%	16394977.0	0.0%
2	2	20	16007625	23988962	0	8003812.5	7.9%	11994481.0	3.7%
3	3	20	25955145	14418172	0	8651715.0	1.0%	4806057.3	43.2%
4	4	20	20679898	18506904	0	5169974.5	16.3%	4626726.0	36.1%
5	5	20	18336768	19368859	0	3667353.6	59.4%	3873771.8	28.0%
6	6	20	40830708	9050327	0	6805118.0	82.7%	1508387.8	76.3%
7	7	20	22129105	17235469	0	3161300.7	43.7%	2462209.9	50.3%
8	8	20	20951192	16440125	0	2618899.0	41.4%	2055015.6	39.2%
9	9	20	18216637	18463462	0	2024070.8	45.6%	2051495.8	55.3%
10	10	20	16235304	20297086	0	1623530.4	64.3%	2029708.6	56.9%
11	11	20	16524760	18945372	0	1502250.9	64.5%	1722306.5	49.0%
12	12	20	17883486	16615327	0	1490290.5	37.4%	1384610.6	35.2%
13	13	20	16318807	17664698	0	1255292.8	61.4%	1358822.9	48.1%
14	14	20	14950457	18573424	0	1067889.8	61.5%	1326673.1	52.8%
15	15	20	16952421	15346523	0	1130161.4	40.3%	1023101.5	39.8%
16	16	20	15960758	14957242	0	997547.4	50.6%	934827.6	57.7%
