1	1	20	12309973	218797449	0	12309973.0	0.0%	218797449.0	0.0%
2	2	20	8656252	196897224	0	4328126.0	17.3%	98448612.0	55.2%
3	3	20	6976737	143898119	0	2325579.0	40.6%	47966039.7	44.5%
4	4	20	5458876	144346073	0	1364719.0	31.1%	36086518.2	35.2%
5	5	20	10233945	136346872	0	2046789.0	90.3%	27269374.4	34.3%
6	6	20	4466001	119496274	0	744333.5	38.4%	19916045.7	30.6%
7	7	20	3952847	123787642	0	564692.4	48.3%	17683948.9	43.4%
8	8	20	5986129	104893619	0	748266.1	47.6%	13111702.4	44.3%
9	9	20	5481912	106381227	0	609101.3	51.6%	11820136.3	43.4%
10	10	20	10982145	83737223	0	1098214.5	65.3%	8373722.3	50.1%
11	11	20	13886473	69994652	0	1262406.6	82.6%	6363150.2	49.8%
12	12	20	17015038	56477360	0	1417919.8	71.2%	4706446.7	55.1%
13	13	20	20294345	43364691	0	1561103.5	77.7%	3335745.5	56.5%
14	14	20	24151621	29748757	0	1725115.8	64.1%	2124911.2	54.8%
15	15	20	48833025	911691	0	3255535.0	79.1%	60779.4	52.9%
16	16	20	20710044	25566568	0	1294377.8	65.6%	1597910.5	59.1%
