1	1	20	83012995	188256220	0	83012995.0	0.0%	188256220.0	0.0%
2	2	20	19773562	49362703	0	9886781.0	8.1%	24681351.5	32.9%
3	3	20	12748911	57641171	0	4249637.0	22.0%	19213723.7	27.5%
4	4	20	3653806	55493106	0	913451.5	11.0%	13873276.5	43.2%
5	5	20	3538863	48380617	0	707772.6	11.4%	9676123.4	17.6%
6	6	20	3165104	52926155	0	527517.3	66.2%	8821025.8	49.7%
7	7	20	4023156	50805769	0	574736.6	23.1%	7257967.0	35.1%
8	8	20	4195367	46127465	0	524420.9	37.7%	5765933.1	70.1%
9	9	20	5163509	46390268	0	573723.2	37.1%	5154474.2	68.6%
10	10	20	5149585	52635579	0	514958.5	24.1%	5263557.9	35.1%
11	11	20	28713226	68606941	0	2610293.3	70.1%	6236994.6	39.7%
12	12	20	6431348	45021994	0	535945.7	39.5%	3751832.8	58.9%
13	13	20	6986983	44500563	0	537460.2	48.2%	3423120.2	62.5%
14	14	20	7506607	43574845	0	536186.2	57.0%	3112488.9	53.6%
15	15	20	7013868	43130528	0	467591.2	25.4%	2875368.5	45.6%
16	16	20	7627729	37739697	0	476733.1	52.4%	2358731.1	64.5%
