1	1	20	33769301	66080870	0	33769301.0	0.0%	66080870.0	0.0%
2	2	20	22791506	131991904	0	11395753.0	75.0%	65995952.0	80.6%
3	3	20	463416	165206559	0	154472.0	70.3%	55068853.0	30.6%
4	4	20	11196468	24037478	0	2799117.0	65.4%	6009369.5	62.5%
5	5	20	5417102	26528584	0	1083420.4	29.4%	5305716.8	24.9%
6	6	20	5855568	28975251	0	975928.0	29.1%	4829208.5	22.8%
7	7	20	13231762	22609469	0	1890251.7	76.4%	3229924.1	37.3%
8	8	20	3151883	26338936	0	393985.4	43.1%	3292367.0	32.5%
9	9	20	1083305	26683873	0	120367.2	92.0%	2964874.8	66.1%
10	10	20	1353095	25999170	0	135309.5	20.9%	2599917.0	34.6%
11	11	20	78855	27365301	0	7168.6	47.7%	2487754.6	51.7%
12	12	20	1865469	24891439	0	155455.8	90.5%	2074286.6	73.5%
13	13	20	101	25580821	0	7.8	151.3%	1967755.5	66.9%
14	14	20	19386	24603574	0	1384.7	72.2%	1757398.1	63.6%
15	15	20	15	23732230	0	1.0	0.0%	1582148.7	60.7%
16	16	20	16	23899131	0	1.0	0.0%	1493695.7	67.1%
