1 1 20 53107991 9925496 0 53107991.0 0.0% 9925496.0 0.0%
2 1 20 26064604 13329765 0 13032302.0 8.0% 13329765.0 0.0%
3 1 20 28897821 7019642 0 9632607.0 35.7% 7019642.0 0.0%
4 1 20 30488652 6193635 0 7622163.0 29.6% 6193635.0 0.0%
5 1 20 31603581 6056386 0 6320716.2 16.4% 6056386.0 0.0%
6 1 20 30725541 5558700 0 5120923.5 32.5% 5558700.0 0.0%
7 1 20 30858652 4974690 0 4408378.9 31.2% 4974690.0 0.0%
8 1 20 31948168 4822967 0 3993521.0 31.3% 4822967.0 0.0%
9 1 20 39281316 719526 0 4364590.7 62.3% 719526.0 0.0%
10 1 20 34895783 3426382 0 3489578.3 47.5% 3426382.0 0.0%
11 1 20 35329994 3755232 0 3211817.6 72.5% 3755232.0 0.0%
12 1 20 43289226 409111 0 3607435.5 69.0% 409111.0 0.0%
13 1 20 35351768 2599538 0 2719366.8 62.6% 2599538.0 0.0%
14 1 20 29957841 3599413 0 2139845.8 51.0% 3599413.0 0.0%
15 1 20 31029593 3309021 0 2068639.5 33.2% 3309021.0 0.0%
16 1 20 33866258 2539973 0 2116641.1 41.0% 2539973.0 0.0%
17 1 20 34180022 2138405 0 2010589.5 56.7% 2138405.0 0.0%
18 1 20 34366536 2024437 0 1909252.0 51.4% 2024437.0 0.0%
19 1 20 34390334 2265900 0 1810017.6 64.9% 2265900.0 0.0%
20 1 20 31617394 2791596 0 1580869.7 39.8% 2791596.0 0.0%
21 1 20 33593224 1692069 0 1599677.3 58.4% 1692069.0 0.0%
22 1 20 31553559 1821621 0 1434252.7 57.6% 1821621.0 0.0%
23 1 20 35227811 406083 0 1531644.0 53.4% 406083.0 0.0%
24 1 20 32542285 1373908 0 1355928.5 55.5% 1373908.0 0.0%
25 1 20 32134006 1337626 0 1285360.2 51.8% 1337626.0 0.0%
26 1 20 37415299 189677 0 1439050.0 51.5% 189677.0 0.0%
27 1 20 29619119 1247122 0 1097004.4 40.0% 1247122.0 0.0%
28 1 20 30840071 1728809 0 1101431.1 36.3% 1728809.0 0.0%
29 1 20 30561481 1198632 0 1053844.2 55.7% 1198632.0 0.0%
30 1 20 30250707 1096411 0 1008356.9 54.4% 1096411.0 0.0%
31 1 20 26776066 1246226 0 863744.1 51.7% 1246226.0 0.0%
32 1 20 30212583 1351850 0 944143.2 45.9% 1351850.0 0.0%
