1 1 20 13353726 255042194 0 13353726.0 0.0% 255042194.0 0.0%
2 1 20 62949473 203295135 0 31474736.5 1.9% 203295135.0 0.0%
3 1 20 29240453 188006254 0 9746817.7 56.8% 188006254.0 0.0%
4 1 20 28773583 141875745 0 7193395.8 56.9% 141875745.0 0.0%
5 1 20 39494046 35562773 0 7898809.2 90.7% 35562773.0 0.0%
6 1 20 38625709 11382358 0 6437618.2 82.2% 11382358.0 0.0%
7 1 20 34448271 7672806 0 4921181.6 27.0% 7672806.0 0.0%
8 1 20 39146690 4463209 0 4893336.2 73.8% 4463209.0 0.0%
9 1 20 40311067 2683693 0 4479007.4 87.5% 2683693.0 0.0%
10 1 20 37798937 4637414 0 3779893.7 61.9% 4637414.0 0.0%
11 1 20 35694981 2244330 0 3244998.3 110.3% 2244330.0 0.0%
12 1 20 35702597 2948714 0 2975216.4 88.7% 2948714.0 0.0%
13 1 20 34776677 2372180 0 2675129.0 64.6% 2372180.0 0.0%
14 1 20 35845776 126763 0 2560412.6 100.8% 126763.0 0.0%
15 1 20 34492217 313624 0 2299481.1 91.9% 313624.0 0.0%
16 1 20 53965025 36862 0 3372814.1 81.2% 36862.0 0.0%
17 1 20 32162456 8167 0 1891909.2 91.9% 8167.0 0.0%
18 1 20 53349108 16703 0 2963839.3 47.7% 16703.0 0.0%
19 1 20 31708886 26705 0 1668888.7 95.8% 26705.0 0.0%
20 1 20 31511549 58296 0 1575577.4 85.3% 58296.0 0.0%
21 1 20 31353917 38676 0 1493043.7 60.9% 38676.0 0.0%
22 1 20 29975925 11073 0 1362542.0 70.0% 11073.0 0.0%
23 1 20 29424305 6995 0 1279317.6 48.3% 6995.0 0.0%
24 1 20 28716920 33547 0 1196538.3 84.3% 33547.0 0.0%
25 1 20 28351626 29586 0 1134065.0 80.7% 29586.0 0.0%
26 1 20 28633638 11680 0 1101293.8 56.4% 11680.0 0.0%
27 1 20 27648291 38179 0 1024010.8 81.2% 38179.0 0.0%
28 1 20 27217931 18210 0 972069.0 61.9% 18210.0 0.0%
29 1 20 25375048 12940 0 875001.7 76.2% 12940.0 0.0%
30 1 20 24865517 9912 0 828850.6 74.0% 9912.0 0.0%
31 1 20 24072392 17538 0 776528.8 74.9% 17538.0 0.0%
32 1 20 23731065 8516 0 741595.8 71.5% 8516.0 0.0%
