1 1 20 27424746 70756403 0 27424746.0 0.0% 70756403.0 0.0%
2 1 20 29437636 24025756 0 14718818.0 1.9% 24025756.0 0.0%
3 1 20 59108001 42187120 0 19702667.0 4.7% 42187120.0 0.0%
4 1 20 35137503 12909358 0 8784375.8 12.1% 12909358.0 0.0%
5 1 20 34527819 8551195 0 6905563.8 7.0% 8551195.0 0.0%
6 1 20 34964295 9826752 0 5827382.5 21.0% 9826752.0 0.0%
7 1 20 83090766 36110557 0 11870109.4 15.6% 36110557.0 0.0%
8 1 20 34229963 5430028 0 4278745.4 46.1% 5430028.0 0.0%
9 1 20 34303715 5563195 0 3811523.9 38.9% 5563195.0 0.0%
10 1 20 32190636 8388236 0 3219063.6 29.7% 8388236.0 0.0%
11 1 20 34241556 5771252 0 3112868.7 50.1% 5771252.0 0.0%
12 1 20 64696004 18214354 0 5391333.7 58.0% 18214354.0 0.0%
13 1 20 31411930 7825565 0 2416302.3 44.5% 7825565.0 0.0%
14 1 20 51605876 18514265 0 3686134.0 76.2% 18514265.0 0.0%
15 1 20 55840145 10013772 0 3722676.3 44.4% 10013772.0 0.0%
16 1 20 33773192 4102249 0 2110824.5 50.1% 4102249.0 0.0%
17 1 20 31031351 6627668 0 1825373.6 42.1% 6627668.0 0.0%
18 1 20 31657455 5364139 0 1758747.5 27.6% 5364139.0 0.0%
19 1 20 33563605 2650997 0 1766505.5 65.8% 2650997.0 0.0%
20 1 20 32292849 3682515 0 1614642.4 30.3% 3682515.0 0.0%
21 1 20 34066726 1142485 0 1622225.0 52.9% 1142485.0 0.0%
22 1 20 32888879 1873686 0 1494949.0 60.4% 1873686.0 0.0%
23 1 20 32068935 2421478 0 1394301.5 39.9% 2421478.0 0.0%
24 1 20 30557856 3676192 0 1273244.0 46.4% 3676192.0 0.0%
25 1 20 32121006 1432780 0 1284840.2 59.1% 1432780.0 0.0%
26 1 20 30030894 3881639 0 1155034.4 56.0% 3881639.0 0.0%
27 1 20 53471059 7246440 0 1980409.6 44.5% 7246440.0 0.0%
28 1 20 30670702 1364350 0 1095382.2 63.8% 1364350.0 0.0%
29 1 20 31408345 356412 0 1083046.4 57.0% 356412.0 0.0%
30 1 20 30148103 1419482 0 1004936.8 63.2% 1419482.0 0.0%
31 1 20 29409572 1137631 0 948695.9 61.1% 1137631.0 0.0%
32 1 20 29235327 1099581 0 913604.0 61.2% 1099581.0 0.0%
