1 1 20 28701879 85462316 0 28701879.0 0.0% 85462316.0 0.0%
2 1 20 27088525 95452975 0 13544262.5 6.6% 95452975.0 0.0%
3 1 20 232668055 3851756 0 77556018.3 18.4% 3851756.0 0.0%
4 1 20 37006730 53071730 0 9251682.5 59.9% 53071730.0 0.0%
5 1 20 44499255 24817236 0 8899851.0 76.1% 24817236.0 0.0%
6 1 20 37360034 32462730 0 6226672.3 14.9% 32462730.0 0.0%
7 1 20 35241226 23251618 0 5034460.9 48.5% 23251618.0 0.0%
8 1 20 39425636 11304388 0 4928204.5 71.0% 11304388.0 0.0%
9 1 20 147531306 2944 0 16392367.3 156.6% 2944.0 0.0%
10 1 20 34339576 5068130 0 3433957.6 77.9% 5068130.0 0.0%
11 1 20 34822924 7349251 0 3165720.4 95.1% 7349251.0 0.0%
12 1 20 58916058 2728486 0 4909671.5 32.4% 2728486.0 0.0%
13 1 20 33432161 1804951 0 2571704.7 75.8% 1804951.0 0.0%
14 1 20 34242998 850462 0 2445928.4 74.5% 850462.0 0.0%
15 1 20 52626551 828857 0 3508436.7 45.8% 828857.0 0.0%
16 1 20 31509956 653721 0 1969372.2 78.3% 653721.0 0.0%
17 1 20 30606207 294728 0 1800365.1 76.9% 294728.0 0.0%
18 1 20 29853955 92380 0 1658553.1 81.4% 92380.0 0.0%
19 1 20 31398934 143438 0 1652575.5 88.9% 143438.0 0.0%
20 1 20 30949317 138930 0 1547465.9 83.6% 138930.0 0.0%
21 1 20 30741843 6938 0 1463897.3 75.2% 6938.0 0.0%
22 1 20 31061615 10648 0 1411891.6 73.0% 10648.0 0.0%
23 1 20 28652953 4967 0 1245780.6 77.3% 4967.0 0.0%
24 1 20 43772954 4232 0 1823873.1 90.4% 4232.0 0.0%
25 1 20 29358298 2563 0 1174331.9 59.5% 2563.0 0.0%
26 1 20 27675348 733 0 1064436.5 70.0% 733.0 0.0%
27 1 20 38380635 3953 0 1421505.0 48.9% 3953.0 0.0%
28 1 20 28413663 6614 0 1014773.7 56.6% 6614.0 0.0%
29 1 20 25682126 1387 0 885590.6 60.5% 1387.0 0.0%
30 1 20 25861451 5100 0 862048.4 70.2% 5100.0 0.0%
31 1 20 24933511 3266 0 804306.8 69.0% 3266.0 0.0%
32 1 20 24525772 9340 0 766430.4 47.8% 9340.0 0.0%
