1	1	20	90188935	7849089	0	90188935.0	0.0%	7849089.0	0.0%
2	2	20	15153983	26704594	0	7576991.5	55.5%	13352297.0	1.3%
3	3	20	17312115	22983756	0	5770705.0	38.1%	7661252.0	1.8%
4	4	20	18527190	19269061	0	4631797.5	17.6%	4817265.2	34.8%
5	5	20	19018106	19536503	0	3803621.2	11.1%	3907300.6	22.0%
6	6	20	18697543	21958593	0	3116257.2	29.1%	3659765.5	45.0%
7	7	20	17537795	19935321	0	2505399.3	69.0%	2847903.0	45.4%
8	8	20	34471213	7067671	0	4308901.6	51.4%	883458.9	78.0%
9	9	20	19363931	16926806	0	2151547.9	48.9%	1880756.2	47.0%
10	10	20	16276640	20456067	0	1627664.0	64.6%	2045606.7	51.9%
11	11	20	28588386	10397479	0	2598944.2	69.2%	945225.4	68.4%
12	12	20	18176550	15989015	0	1514712.5	56.6%	1332417.9	61.0%
13	13	20	16516649	17175349	0	1270511.5	34.5%	1321180.7	36.7%
14	14	20	14783880	18839367	0	1055991.4	61.6%	1345669.1	53.9%
15	15	20	15239126	17011440	0	1015941.7	60.8%	1134096.0	50.1%
16	16	20	15952604	15100360	0	997037.8	50.8%	943772.5	57.8%
