1	1	20	20575217	219559721	0	20575217.0	0.0%	219559721.0	0.0%
2	2	20	11309478	215925175	0	5654739.0	53.3%	107962587.5	9.8%
3	3	20	6459159	183794051	0	2153053.0	42.4%	61264683.7	14.7%
4	4	20	5571572	131179030	0	1392893.0	35.5%	32794757.5	39.1%
5	5	20	5778860	132535443	0	1155772.0	51.1%	26507088.6	36.5%
6	6	20	3631692	117431818	0	605282.0	45.1%	19571969.7	37.4%
7	7	20	3902016	119074651	0	557430.9	67.2%	17010664.4	40.0%
8	8	20	5988671	97772734	0	748583.9	59.7%	12221591.8	49.0%
9	9	20	5493857	100055350	0	610428.6	65.6%	11117261.1	66.3%
10	10	20	5678731	114001755	0	567873.1	62.4%	11400175.5	44.9%
11	11	20	15404459	63592045	0	1400405.4	78.1%	5781095.0	52.7%
12	12	20	16685370	56201356	0	1390447.5	84.3%	4683446.3	60.9%
13	13	20	19935481	42874488	0	1533498.5	79.3%	3298037.5	56.1%
14	14	20	18526439	33053995	0	1323317.1	62.9%	2360999.6	55.4%
15	15	20	23472697	19737354	0	1564846.5	57.4%	1315823.6	46.1%
16	16	20	21530444	18980886	0	1345652.8	63.5%	1186305.4	58.3%
