1	1	20	99739573	186232983	0	99739573.0	0.0%	186232983.0	0.0%
2	2	20	7797954	76110434	0	3898977.0	14.9%	38055217.0	22.3%
3	3	20	11640901	60574141	0	3880300.3	19.9%	20191380.3	17.0%
4	4	20	3623546	51337452	0	905886.5	12.3%	12834363.0	13.9%
5	5	20	2711684	41793871	0	542336.8	33.2%	8358774.2	84.7%
6	6	20	4004706	47950294	0	667451.0	49.2%	7991715.7	66.4%
7	7	20	4822487	52000538	0	688926.7	30.4%	7428648.3	53.3%
8	8	20	4167649	47974765	0	520956.1	36.8%	5996845.6	66.8%
9	9	20	5458410	47994114	0	606490.0	26.3%	5332679.3	47.1%
10	10	20	4913403	50778778	0	491340.3	59.9%	5077877.8	61.0%
11	11	20	5965608	46219037	0	542328.0	18.9%	4201730.6	37.1%
12	12	20	5945304	44898955	0	495442.0	35.7%	3741579.6	53.1%
13	13	20	6655467	44558071	0	511959.0	47.3%	3427543.9	63.4%
14	14	20	6426323	45337225	0	459023.1	61.7%	3238373.2	59.4%
15	15	20	27133434	57772949	0	1808895.6	67.3%	3851529.9	49.1%
16	16	20	6982162	40221858	0	436385.1	50.4%	2513866.1	64.8%
