1	1	20	20738686	69159757	0	20738686.0	0.0%	69159757.0	0.0%
2	2	20	104728176	29903944	0	52364088.0	24.9%	14951972.0	4.5%
3	3	20	19166892	33942446	0	6388964.0	63.8%	11314148.7	68.6%
4	4	20	10769329	26180909	0	2692332.2	56.4%	6545227.2	46.5%
5	5	20	4627349	28134750	0	925469.8	94.3%	5626950.0	62.6%
6	6	20	617840	28976168	0	102973.3	71.7%	4829361.3	58.8%
7	7	20	470311	27521029	0	67187.3	99.8%	3931575.6	54.7%
8	8	20	2465742	26388688	0	308217.8	64.2%	3298586.0	40.9%
9	9	20	9	33395672	0	1.0	0.0%	3710630.2	99.8%
10	10	20	1172745	26164522	0	117274.5	67.6%	2616452.2	64.9%
11	11	20	1415915	25969109	0	128719.5	104.9%	2360828.1	61.9%
12	12	20	1309565	24954761	0	109130.4	102.9%	2079563.4	59.3%
13	13	20	847148	24515438	0	65165.2	87.8%	1885802.9	70.8%
14	14	20	986179	24085238	0	70441.4	63.5%	1720374.1	51.0%
15	15	20	504818	23491587	0	33654.5	74.2%	1566105.8	61.2%
16	16	20	16	26557112	0	1.0	0.0%	1659819.5	61.0%
